294 249 1
373 48 0
143 333 1
222 29 1
269 445 1
378 96 1
416 173 0
378 70 0
186 121 0
250 95 1
455 462 1
193 155 0
194 73 1
443 245 0
334 150 0
262 58 0
32 455 1
160 169 1
416 181 1
25 275 0
394 208 1
276 51 1
332 370 0
154 143 1
119 407 0
425 259 1
1 267 0
289 24 0
378 257 0
291 288 0
196 173 0
345 239 0
85 310 1
347 216 1
343 38 1
234 462 0
145 226 1
83 139 0
137 55 0
290 474 1
13 27 0
200 48 1
347 168 1
348 409 0
379 401 1
256 5 1
452 62 1
303 173 0
417 171 1
380 69 0
141 274 1
287 240 1
499 182 1
196 153 1
276 58 0
130 217 0
407 316 1
216 498 1
44 313 0
486 237 0
102 91 1
251 202 0
85 45 1
276 28 0
279 284 1
229 258 1
398 478 0
435 313 0
7 131 1
325 177 0
307 474 0
7 139 0
24 129 0
265 288 0
334 28 1
462 358 1
313 318 0
279 480 1
243 387 0
1 149 1
283 151 0
70 431 0
363 120 0
293 234 0
281 300 0
293 239 1
405 373 1
177 318 0
295 204 0
138 117 1
406 152 1
82 414 0
257 286 0
336 407 1
83 70 0
403 127 0
269 254 1
394 204 0
92 62 0
268 116 0
